Date,High,Low,Open,Volume,Close,Dividend
12/30/2011,265.12,261,261,4863989035,265,
12/29/2011,262.35,259.14,259.64,4163282947,261,
12/28/2011,260.95,255.84,259.69,4598688851,260.82,
12/27/2011,265.47,260.55,264.36,4223307801,260.85,
12/26/2011,268.37,264.77,265.79,4085185187,264.86,
12/23/2011,269.35,263.52,264.28,4838859772,266.98,
12/22/2011,266.77,259.01,264.18,5428559638,264.82,
12/21/2011,273.41,265.58,272.52,4667425175,265.77,
12/20/2011,274.39,270,270.41,4822977023,270.44,
12/19/2011,271.51,264.33,269.58,5307876581,271.28,
12/16/2011,271.71,264.8,265.7,4876091551,271.67,
12/15/2011,270.77,265.62,270.64,4967572237,265.7,
12/14/2011,276.94,271.82,274.82,3797425848,272.4,
12/13/2011,282.08,275.26,281.89,5058501757,275.68,
12/12/2011,286.2,282.99,285.55,3285224169,283.18,
12/09/2011,288.52,285.23,288.44,3510183134,285.98,
12/08/2011,290.83,284.55,288.64,4380490612,288.44,
12/07/2011,289.45,286.53,287.41,3664618433,288.74,
12/06/2011,288.25,285.1,287.21,3983394297,287.38,
12/05/2011,293.24,287.49,293.07,4636093058,287.97,
12/02/2011,293.07,291.36,293.07,5198547859,293.07,
12/01/2011,295.56,292.83,295.22,1054983179,293.2,
11/30/2011,301.9,289.92,289.92,2586809721,295.99,
11/29/2011,300.66,298.82,300.66,724845467,298.82,
11/28/2011,299.32,297.37,298.79,878103927,297.95,
11/27/2011,298.1,296.96,296.96,0,296.96,
11/25/2011,296.18,295.33,296.18,3996189417,296.18,
11/24/2011,299.44,297.01,298.18,669902862,298.35,
11/23/2011,297.9,294.64,297.9,892226421,295.51,
11/22/2011,301.36,297.35,300.86,767024387,300.58,
11/21/2011,300.01,297.97,298.49,790043933,299.23,
11/20/2011,300.84,300.33,300.33,0,300.33,
11/18/2011,300.34,299.69,300.34,6322463800,300.34,
11/17/2011,304.98,303.85,304.91,1050537862,304.94,
11/16/2011,308.94,306.51,307.82,1090339743,307.41,
11/15/2011,316.15,314.18,316.15,1366828364,314.18,
11/14/2011,316.45,314.49,315.74,1359896612,315.77,
11/13/2011,309.3,309.3,309.3,0,309.3,
11/11/2011,311.4,308.16,309.31,5838704072,309.31,
11/10/2011,311.09,309.5,309.5,1079095781,309.8,
11/09/2011,315.38,311.16,315.38,1694948760,312.88,
11/08/2011,315.32,310.09,313.32,1118871372,314.45,
11/07/2011,315.74,313.4,313.92,1287615707,315.63,
11/06/2011,317.41,315.26,315.26,0,315.26,
11/04/2011,316.44,316.44,316.44,9222037014,316.44,
11/03/2011,317.83,314.43,316.61,12314426143,314.13,
11/02/2011,318.08,313.85,314.91,9497032378,313.85,
11/01/2011,308.65,303.49,308.24,7906122481,308.65,
10/31/2011,311.34,305.1,308.24,7591209699,308.24,
10/30/2011,309.38,308.9,308.9,0,308.9,
10/28/2011,308.9,308.9,308.9,10079956969,308.9,
10/27/2011,310.19,306.17,306.73,7516304923,303.17,
10/26/2011,305.08,302.24,302.94,9691950608,302.24,
10/25/2011,300.23,297.55,299.44,7939641448,299.44,
10/24/2011,293.75,291.99,293.73,6186136154,293.73,
10/23/2011,287.29,284.99,287.29,0,287.29,
10/21/2011,286.46,286.02,286.46,4193000996,286.46,
10/20/2011,290.01,286.01,288.29,5546675672,288.29,
10/19/2011,295.36,295.36,295.36,4623834032,295.36,
10/18/2011,298.63,294.71,296.07,5902143414,296.07,
10/17/2011,304.74,303.07,304.74,5276499259,304.74,
10/16/2011,306.79,303.94,303.94,0,303.94,
10/14/2011,303.36,300.65,303.36,5476720866,303.36,
10/13/2011,304.53,304.42,304.21,7974089718,304.42,
10/12/2011,305.14,300.23,300.99,8262687319,301.82,
10/11/2011,291.27,288.16,289.81,5717340637,291.27,
10/10/2011,300,290.48,291.17,3746065220,291.17,
10/09/2011,295.11,293.52,293.52,0,293.52,
10/07/2011,293.52,293.52,293.52,0,293.52,
10/06/2011,293.52,293.52,293.52,0,293.52,
10/05/2011,293.52,293.52,293.52,0,293.52,
10/04/2011,293.52,293.52,293.52,0,293.52,
10/03/2011,293.52,293.52,293.52,0,293.52,
09/30/2011,296.47,293.52,293.52,4368953610,293.52,
09/29/2011,294.51,292.2,295.07,5349969158,294.51,
09/28/2011,299.24,294.22,299.24,4966267681,299.24,
09/27/2011,305.37,300.45,304.81,4924587234,303.09,
09/26/2011,300.43,299.53,300.47,5214330812,300.43,
09/25/2011,308.04,307.03,307.03,0,307.03,
09/23/2011,307.03,307.03,307.03,5985419927,307.03,
09/22/2011,308.14,302.82,307.85,6702540518,308.76,
09/21/2011,318.42,318.41,318.42,7821771287,318.41,
09/20/2011,310.52,308,309.32,4007690894,309.32,
09/19/2011,307.85,306.08,307.85,4266482520,307.85,
09/18/2011,313.92,313.92,313.92,0,313.92,
09/16/2011,313.92,313.35,313.92,4180801678,313.92,
09/15/2011,316.22,313.5,315.02,4801455811,313.51,
09/14/2011,316.29,307.42,314.17,4635316463,314.05,
09/13/2011,311.96,311.96,311.97,4238344981,311.96,
09/12/2011,315.96,309.7,315.96,0,315.96,
09/11/2011,315.96,315.96,315.96,0,315.96,
09/09/2011,315.96,314.57,315.96,4307267764,315.96,
09/08/2011,320.49,316.56,317.59,4683934900,316.59,
09/07/2011,320.44,319.42,320.43,5192924434,319.42,
09/06/2011,312.89,312.89,312.89,4323408649,312.89,
09/05/2011,314.78,314.59,312.62,4901019110,314.59,
09/04/2011,321.55,321.55,321.55,0,321.55,
09/02/2011,321.55,319.9,321.55,4651102498,321.55,
09/01/2011,325.33,324.21,325.24,4959714875,325.24,
08/31/2011,329.27,324.04,327.29,5219938777,326.9,
08/30/2011,328.09,326.64,326.99,6716706063,326.88,
08/29/2011,333.5,328.47,328.47,6509887043,328.47,
08/28/2011,333.43,327.83,333.43,0,333.43,
08/26/2011,334.04,333.43,333.43,6872958922,333.43,
08/25/2011,333.34,330.79,333.34,9440465280,333.34,
08/24/2011,323.59,323.59,323.59,5790929939,323.59,
08/23/2011,327.49,325.01,326.39,5311981246,325.01,
08/22/2011,319.86,319.76,319.86,5350358339,319.86,
08/21/2011,325.18,322.63,322.63,0,322.63,
08/19/2011,322.58,319.47,322.58,6328183222,322.58,
08/18/2011,322.91,325.59,320.07,6179835001,325.71,
08/17/2011,331.86,331.57,331.57,6092290528,331.57,
08/16/2011,333.87,330.86,332.61,7568814592,332.62,
08/15/2011,336.49,334.86,334.86,7984311925,334.86,
08/14/2011,329.89,329.5,329.89,0,329.89,
08/12/2011,329.89,329.89,329.89,8474052150,329.89,
08/11/2011,331.77,328.31,328.31,8547726427,328.31,
08/10/2011,323.31,317.18,323.31,8678950088,323.31,
08/09/2011,327.28,320.07,320.07,9671403007,320.07,
08/08/2011,319.95,307.56,319.95,10296605228,319.95,
08/07/2011,333.29,314.87,333.29,0,333.29,
08/05/2011,333.34,333.34,333.34,7305156941,333.34,
08/04/2011,340.78,329.68,340.78,5384026417,340.78,
08/03/2011,342.69,339.63,339.63,5870349142,339.63,
08/02/2011,340.91,336.05,338.23,6404325693,339.54,
08/01/2011,342.3,342.3,342.3,5426407476,342.3,
07/31/2011,343.5,339.96,341.54,0,341.54,
07/29/2011,344.27,338.99,341.55,7002921098,341.55,
07/28/2011,342.7,342.7,342.69,7244351346,342.7,
07/27/2011,345.39,340.04,345.39,7444540237,345.39,
07/26/2011,342.47,339.6,342.34,6729554604,342.34,
07/25/2011,341.13,339.68,341.13,10283293245,341.13,
07/24/2011,353.18,353.18,353.18,0,353.18,
07/22/2011,353.18,353.18,353.18,6421342870,353.18,
07/21/2011,354.63,352,352.13,7491282298,352.13,
07/20/2011,356.75,353.95,356.33,7728152719,356.33,
07/19/2011,359.33,356.68,356.68,8600342657,356.68,
07/18/2011,359.86,355.71,359.86,10000269720,359.86,
07/17/2011,361.32,360.16,360.16,0,360.16,
07/15/2011,360.16,360.16,360.16,9878488355,360.16,
07/14/2011,358.27,355.24,357.33,9564153388,358.27,
07/13/2011,358.44,356.4,356.95,8462603437,356.4,
07/12/2011,350.39,350.63,350.63,8857091899,350.39,
07/11/2011,356.73,356.74,356.73,7852502129,356.74,
07/10/2011,354.45,353.35,354.45,0,354.45,
07/08/2011,355.6,353.64,355.6,7878436877,355.6,
07/07/2011,359.39,355.2,355.27,10777409651,355.2,
07/06/2011,356.45,355.03,357.18,9480516624,356.4,
07/05/2011,357.52,354.81,356.31,10200625484,357.02,
07/04/2011,356.29,348.3,356.33,11322090911,356.23,
07/03/2011,348.3,348.3,348.3,0,348.3,
07/01/2011,350.09,347.81,347.81,8567111944,347.81,
06/30/2011,347.23,346.23,348.1,8496871289,347.23,
06/29/2011,348.57,342.38,342.38,8233225626,342.33,
06/28/2011,347.41,344.17,347.01,8207166210,347.35,
06/27/2011,346.74,344.72,347,9454496804,346.74,
06/26/2011,348.36,344.85,344.85,0,344.85,
06/24/2011,347.02,344.89,344.89,11796239427,344.89,
06/23/2011,337.35,334.98,335.28,6832433194,336.59,
06/22/2011,331.22,328.59,330.05,5319223122,331.22,
06/21/2011,332.63,331.53,331.96,6024348949,331.53,
06/20/2011,327.92,327.61,328.62,0,327.92,
06/19/2011,330.2,329.78,329.78,0,329.78,
06/17/2011,335.39,330.31,330.36,5955051554,330.36,
06/16/2011,333.96,333.75,333.72,6490091638,333.96,
06/15/2011,338.36,339.86,338.36,6899390025,339.88,
06/14/2011,343.78,343.11,342.4,7723589836,343.11,
06/13/2011,339.19,337.87,338.35,5777962452,338.56,
06/12/2011,338.33,334.73,338.33,0,338.33,
06/10/2011,339.6,334.58,339.43,6659360183,339.43,
06/09/2011,338.48,338.48,337.77,7516032582,338.48,
06/08/2011,345.05,345.63,344.75,6661165626,345.63,
06/07/2011,345.31,340.58,345.17,5918672265,345.19,
06/06/2011,342.87,341.51,342.75,0,342.87,
06/03/2011,343.55,342.87,342.87,6192227918,342.87,
06/02/2011,339.02,338.58,338.97,7894529596,339.02,
06/01/2011,342.05,344.54,340.6,6199247750,344.54,
05/31/2011,343.74,342.07,343.04,6089168188,343.68,
05/30/2011,337.59,337.06,338.03,5830928543,337.59,
05/29/2011,341.17,336.47,338.79,0,338.79,
05/27/2011,339.93,339.83,339.93,4907555851,339.93,
05/26/2011,345.33,344.45,344.54,4292216743,344.55,
05/25/2011,349.35,345.76,346.04,4141560173,346.04,
05/24/2011,350.68,349.98,350.06,5448424078,349.98,
05/23/2011,349.81,346.26,349.75,5384926510,349.81,
05/22/2011,361.8,361.8,361.8,0,361.8,
05/20/2011,361.79,361.79,361.79,5100981307,361.79,
05/19/2011,362.89,360.44,361.9,4359881957,361.9,
05/18/2011,365.54,363.94,363.94,4132045302,363.94,
05/17/2011,363.51,359.87,361.17,5898955194,361.17,
05/16/2011,360.88,356.93,360.87,4460768099,360.88,
05/15/2011,364.47,363.33,363.33,0,363.33,
05/13/2011,363.52,357.88,363.33,4459847638,363.33,
05/12/2011,360.06,360.03,360.06,5041194961,360.06,
05/11/2011,365.2,365.2,365.2,5245478734,365.2,
05/10/2011,365.87,362.76,367.05,4076416250,365.83,
05/09/2011,363.11,362.04,363.11,4296338688,363.11,
05/08/2011,364.79,361.76,361.76,0,361.76,
05/06/2011,363.96,361.74,361.74,4956040568,361.74,
05/05/2011,363.09,357.1,361.89,4946311154,361.9,
05/04/2011,361.78,359.29,361.78,5075438444,361.78,
05/03/2011,370.25,370.26,370.25,5103460154,370.26,
05/02/2011,366.95,364.32,366.94,8152750525,366.94,
04/29/2011,366.95,366.94,366.94,4189767092,366.94,
04/28/2011,363.22,361.09,363.22,5652321829,363.22,
04/27/2011,372.57,367.8,370.16,4926739307,370.16,
04/26/2011,375.74,371.57,373.09,5536873846,373.09,
04/25/2011,377.22,376.85,376.85,6399638335,376.85,
04/24/2011,383.02,383.02,383.02,0,383.02,
04/22/2011,383.02,382.05,383.02,6268111816,383.02,
04/21/2011,385.63,384.75,384.75,6701553313,384.75,
04/20/2011,385.79,382.2,382.2,6039087976,382.2,
04/19/2011,383.33,380.71,381.11,7961589144,381.11,
04/18/2011,388,385.31,388,7541548171,388,
04/17/2011,388.69,387.29,387.29,0,387.29,
04/15/2011,387.3,387.3,387.3,6516416893,387.3,
04/14/2011,388.55,382.96,386.19,6455741669,386.19,
04/13/2011,388.41,387.58,387.58,5792171340,387.58,
04/12/2011,384.81,379.52,382.94,6416085226,382.77,
04/11/2011,382.95,382.58,382.95,6953443747,382.95,
04/10/2011,387.48,384.96,384.96,0,384.96,
04/08/2011,384.98,384.95,384.95,5943269168,384.95,
04/07/2011,382.15,380.54,381.65,6070834586,381.65,
04/06/2011,380.77,379.06,380.49,6371838037,380.49,
04/05/2011,376.38,375.88,376.38,9254858180,376.38,
04/04/2011,376.38,370.27,370.61,9254858180,376.38,
04/01/2011,376.38,376.38,376.38,4835874248,376.38,
03/31/2011,370.51,370.27,370.61,5742209469,370.51,
03/30/2011,375.74,374.72,374.72,6428598130,374.72,
03/29/2011,377.13,372.36,376.58,7446045184,375.73,
03/28/2011,379.35,378.75,379.35,8280102449,379.35,
03/27/2011,382.17,379.24,379.24,0,379.24,
03/25/2011,380.11,379.24,379.24,5781191906,379.24,
03/24/2011,374.92,374.91,374.92,6176848203,374.92,
03/23/2011,376.55,374.38,375.65,6008144640,375.63,
03/22/2011,371.49,370.24,371.08,5082656628,371.07,
03/21/2011,369.43,365.84,369.43,5515426830,369.43,
03/20/2011,372.19,370.54,370.54,0,370.54,
03/18/2011,370.54,370.54,370.54,5197807280,370.54,
03/17/2011,372.94,368.56,368.56,6649331155,368.56,
03/16/2011,374.55,374.55,374.55,6939328067,374.55,
03/15/2011,369.4,369.28,369.4,8107067862,369.4,
03/14/2011,375.25,363.01,375.25,6643894481,375.25,
03/13/2011,373.22,371.28,373.22,0,373.22,
03/11/2011,377.91,372.45,373.24,5880029016,373.24,
03/10/2011,376.87,373.87,376.12,206760406,376.87,
03/09/2011,382.09,378.31,382.08,212489076,378.6,
03/08/2011,383.44,381.67,381.67,213482518,383.34,
03/07/2011,381.57,379.83,380.75,265208977,380.73,
03/06/2011,374.57,374.57,374.57,0,374.57,
03/04/2011,374.76,374.57,374.57,5300740783,374.57,
03/03/2011,370.68,368.63,369.18,207152403,370.42,
03/02/2011,374.82,371.92,371.94,271684089,373.7,
03/01/2011,373.32,367.14,372.64,241925185,371.8,
02/28/2011,372.7,370.36,370.47,266123351,371.78,
02/27/2011,365.88,364,365.88,0,365.88,
02/25/2011,367.19,365.82,365.82,6476739522,365.82,
02/24/2011,365.31,361.64,365.31,227676185,362.93,
02/23/2011,363.75,361.7,363.19,217344833,363.51,
02/22/2011,361.91,359.28,360.61,197823440,361.6,
02/21/2011,371.96,369.67,371.01,246827563,369.72,
02/20/2011,365.83,363.29,365.83,0,365.83,
02/18/2011,365.84,364.5,365.84,5940194235,365.84,
02/17/2011,368.9,366.19,368.89,200226719,367.25,
02/16/2011,370.2,365.53,368.27,250711945,369.84,
02/15/2011,365.76,362.63,364.65,229938339,365.49,
02/14/2011,366.98,364.37,364.87,242948871,366.75,
02/13/2011,355.46,355.38,355.46,0,355.46,
02/11/2011,356.6,355.46,355.46,5813805179,355.46,
02/10/2011,355.02,352.41,353.64,201302894,355.01,
02/09/2011,346.75,345.04,346.65,159592612,346.58,
02/08/2011,350.93,346.48,349.53,125154973,349.22,
02/07/2011,350.2,347.84,349.09,6682842782,349.53,
02/04/2011,350.2,347.84,349.04,0,349.53,
02/03/2011,350.2,347.84,349.04,0,349.53,
02/02/2011,350.2,347.84,349.09,3628105641,349.53,
02/01/2011,350.2,349.53,349.53,3628105641,349.53,
01/31/2011,350.04,347.84,349.09,99165231,348.83,
01/30/2011,344.18,343.65,344.18,0,344.18,
01/28/2011,345.22,344.18,344.18,4200709220,344.18,
01/27/2011,343.85,341.31,342.76,177216351,342.92,
01/26/2011,337.51,333.07,337.51,147362921,334.99,
01/25/2011,334.94,332.61,332.75,116218876,334.89,
01/24/2011,335.39,332.82,335.3,153347180,335.25,
01/23/2011,340.95,339.27,339.27,0,339.27,
01/21/2011,339.27,339.27,339.27,4204577855,339.27,
01/20/2011,343.6,333.73,334.92,136852355,336.84,
01/19/2011,345.9,342.78,345.89,147958808,343.52,
01/18/2011,339.36,337.55,338.51,144184267,339.22,
01/17/2011,339.19,335.07,337.79,117495516,336.88,
01/16/2011,350.78,350.76,350.76,0,350.76,
01/14/2011,356.91,350.14,356.91,3680261518,350.77,
01/13/2011,356.91,355.55,356.91,3621655414,356.91,
01/12/2011,357.78,352.12,354.61,3867875206,357.07,
01/11/2011,355.29,350.29,353.57,3665700474,354.61,
01/10/2011,362.18,352.97,360.76,4583521736,353.6,
01/07/2011,364.88,357.63,359.72,4400918265,360.78,
01/06/2011,363.44,358.87,361.41,7888380950,359.72,
01/05/2011,363.04,358.86,362.27,5305358981,361.41,
01/04/2011,362.48,356.06,356.06,6018311628,362.29,
01/03/2011,356.07,349.13,349.13,7818173940,356.06,
