Date,Open,High,Low,Close,Volume,Adj Close
2011-12-30,5572.28,5572.28,5572.28,5572.28,0,5572.28
2011-12-29,5566.77,5566.77,5566.77,5566.77,0,5566.77
2011-12-28,5507.40,5507.40,5507.40,5507.40,0,5507.40
2011-12-23,5512.70,5512.70,5512.70,5512.70,0,5512.70
2011-12-22,5456.97,5456.97,5456.97,5456.97,0,5456.97
2011-12-21,5389.74,5389.74,5389.74,5389.74,0,5389.74
2011-12-20,5419.60,5419.60,5419.60,5419.60,0,5419.60
2011-12-19,5364.99,5364.99,5364.99,5364.99,0,5364.99
2011-12-16,5387.34,5387.34,5387.34,5387.34,0,5387.34
2011-12-15,5400.85,5400.85,5400.85,5400.85,0,5400.85
2011-12-14,5366.80,5366.80,5366.80,5366.80,0,5366.80
2011-12-13,5490.15,5490.15,5490.15,5490.15,0,5490.15
2011-12-12,5427.86,5427.86,5427.86,5427.86,0,5427.86
2011-12-09,5529.21,5529.21,5529.21,5529.21,0,5529.21
2011-12-08,5483.77,5483.77,5483.77,5483.77,0,5483.77
2011-12-07,5546.91,5546.91,5546.91,5546.91,0,5546.91
2011-12-06,5568.72,5568.72,5568.72,5568.72,0,5568.72
2011-12-05,5567.96,5567.96,5567.96,5567.96,0,5567.96
2011-12-02,5552.29,5552.29,5552.29,5552.29,0,5552.29
2011-12-01,5489.34,5489.34,5489.34,5489.34,0,5489.34
2011-11-30,5505.42,5505.42,5505.42,5505.42,0,5505.42
2011-11-29,5337.00,5337.00,5337.00,5337.00,0,5337.00
2011-11-28,5312.76,5312.76,5312.76,5312.76,0,5312.76
2011-11-25,5164.65,5164.65,5164.65,5164.65,0,5164.65
2011-11-24,5127.57,5127.57,5127.57,5127.57,0,5127.57
2011-11-23,5139.78,5139.78,5139.78,5139.78,0,5139.78
2011-11-22,5206.82,5206.82,5206.82,5206.82,0,5206.82
2011-11-21,5222.60,5222.60,5222.60,5222.60,0,5222.60
2011-11-18,5362.94,5362.94,5362.94,5362.94,0,5362.94
2011-11-17,5423.14,5423.14,5423.14,5423.14,0,5423.14
2011-11-16,5509.02,5509.02,5509.02,5509.02,0,5509.02
2011-11-15,5517.44,5517.44,5517.44,5517.44,0,5517.44
2011-11-14,5519.04,5519.04,5519.04,5519.04,0,5519.04
2011-11-11,5545.38,5545.38,5545.38,5545.38,0,5545.38
2011-11-10,5444.82,5444.82,5444.82,5444.82,0,5444.82
2011-11-09,5460.38,5460.38,5460.38,5460.38,0,5460.38
2011-11-08,5567.34,5567.34,5567.34,5567.34,0,5567.34
2011-11-07,5510.82,5510.82,5510.82,5510.82,0,5510.82
2011-11-04,5527.16,5527.16,5527.16,5527.16,0,5527.16
2011-11-03,5545.64,5545.64,5545.64,5545.64,0,5545.64
2011-11-02,5484.10,5484.10,5484.10,5484.10,0,5484.10
2011-11-01,5421.57,5421.57,5421.57,5421.57,0,5421.57
2011-10-31,5544.22,5544.22,5544.22,5544.22,0,5544.22
2011-10-28,5702.24,5702.24,5702.24,5702.24,0,5702.24
2011-10-27,5713.82,5713.82,5713.82,5713.82,0,5713.82
2011-10-26,5553.24,5553.24,5553.24,5553.24,0,5553.24
2011-10-25,5525.54,5525.54,5525.54,5525.54,0,5525.54
2011-10-24,5548.06,5548.06,5548.06,5548.06,0,5548.06
2011-10-21,5488.65,5488.65,5488.65,5488.65,0,5488.65
2011-10-20,5384.68,5384.68,5384.68,5384.68,0,5384.68
2011-10-19,5450.49,5450.49,5450.49,5450.49,0,5450.49
2011-10-18,5410.35,5410.35,5410.35,5410.35,0,5410.35
2011-10-17,5436.70,5436.70,5436.70,5436.70,0,5436.70
2011-10-14,5466.36,5466.36,5466.36,5466.36,0,5466.36
2011-10-13,5403.38,5403.38,5403.38,5403.38,0,5403.38
2011-10-12,5441.80,5441.80,5441.80,5441.80,0,5441.80
2011-10-11,5395.70,5395.70,5395.70,5395.70,0,5395.70
2011-10-10,5399.00,5399.00,5399.00,5399.00,0,5399.00
2011-10-07,5303.40,5303.40,5303.40,5303.40,0,5303.40
2011-10-06,5291.26,5291.26,5291.26,5291.26,0,5291.26
2011-10-05,5102.17,5102.17,5102.17,5102.17,0,5102.17
2011-10-04,4944.44,4944.44,4944.44,4944.44,0,4944.44
2011-10-03,5075.50,5075.50,5075.50,5075.50,0,5075.50
2011-09-30,5128.48,5128.48,5128.48,5128.48,0,5128.48
2011-09-29,5196.84,5196.84,5196.84,5196.84,0,5196.84
2011-09-28,5217.63,5217.63,5217.63,5217.63,0,5217.63
2011-09-27,5294.05,5294.05,5294.05,5294.05,0,5294.05
2011-09-26,5089.37,5089.37,5089.37,5089.37,0,5089.37
2011-09-23,5066.81,5066.81,5066.81,5066.81,0,5066.81
2011-09-22,5041.61,5041.61,5041.61,5041.61,0,5041.61
2011-09-21,5288.41,5288.41,5288.41,5288.41,0,5288.41
2011-09-20,5363.71,5363.71,5363.71,5363.71,0,5363.71
2011-09-19,5259.56,5259.56,5259.56,5259.56,0,5259.56
2011-09-16,5368.41,5368.41,5368.41,5368.41,0,5368.41
2011-09-15,5337.54,5337.54,5337.54,5337.54,0,5337.54
2011-09-14,5227.02,5227.02,5227.02,5227.02,0,5227.02
2011-09-13,5174.25,5174.25,5174.25,5174.25,0,5174.25
2011-09-12,5129.62,5129.62,5129.62,5129.62,0,5129.62
2011-09-09,5214.65,5214.65,5214.65,5214.65,0,5214.65
2011-09-08,5340.38,5340.38,5340.38,5340.38,0,5340.38
2011-09-07,5318.59,5318.59,5318.59,5318.59,0,5318.59
2011-09-06,5156.84,5156.84,5156.84,5156.84,0,5156.84
2011-09-05,5102.58,5102.58,5102.58,5102.58,0,5102.58
2011-09-02,5292.03,5292.03,5292.03,5292.03,0,5292.03
2011-09-01,5418.65,5418.65,5418.65,5418.65,0,5418.65
2011-08-31,5394.53,5394.53,5394.53,5394.53,0,5394.53
2011-08-30,5268.66,5268.66,5268.66,5268.66,0,5268.66
2011-08-26,5129.92,5129.92,5129.92,5129.92,0,5129.92
2011-08-25,5131.10,5131.10,5131.10,5131.10,0,5131.10
2011-08-24,5205.85,5205.85,5205.85,5205.85,0,5205.85
2011-08-23,5129.42,5129.42,5129.42,5129.42,0,5129.42
2011-08-22,5095.30,5095.30,5095.30,5095.30,0,5095.30
2011-08-19,5040.76,5040.76,5040.76,5040.76,0,5040.76
2011-08-18,5092.23,5092.23,5092.23,5092.23,0,5092.23
2011-08-17,5331.60,5331.60,5331.60,5331.60,0,5331.60
2011-08-16,5357.63,5357.63,5357.63,5357.63,0,5357.63
2011-08-15,5350.58,5350.58,5350.58,5350.58,0,5350.58
2011-08-12,5320.03,5320.03,5320.03,5320.03,0,5320.03
2011-08-11,5162.83,5162.83,5162.83,5162.83,0,5162.83
2011-08-10,5007.16,5007.16,5007.16,5007.16,0,5007.16
2011-08-09,5164.92,5164.92,5164.92,5164.92,0,5164.92
2011-08-08,5068.95,5068.95,5068.95,5068.95,0,5068.95
2011-08-05,5246.99,5246.99,5246.99,5246.99,0,5246.99
2011-08-04,5393.14,5393.14,5393.14,5393.14,0,5393.14
2011-08-03,5584.51,5584.51,5584.51,5584.51,0,5584.51
2011-08-02,5718.39,5718.39,5718.39,5718.39,0,5718.39
2011-08-01,5774.43,5774.43,5774.43,5774.43,0,5774.43
2011-07-29,5815.19,5815.19,5815.19,5815.19,0,5815.19
2011-07-28,5873.21,5873.21,5873.21,5873.21,0,5873.21
2011-07-27,5856.58,5856.58,5856.58,5856.58,0,5856.58
2011-07-26,5929.73,5929.73,5929.73,5929.73,0,5929.73
2011-07-25,5925.26,5925.26,5925.26,5925.26,0,5925.26
2011-07-22,5935.02,5935.02,5935.02,5935.02,0,5935.02
2011-07-21,5899.89,5899.89,5899.89,5899.89,0,5899.89
2011-07-20,5853.82,5853.82,5853.82,5853.82,0,5853.82
2011-07-19,5789.99,5789.99,5789.99,5789.99,0,5789.99
2011-07-18,5752.81,5752.81,5752.81,5752.81,0,5752.81
2011-07-15,5843.66,5843.66,5843.66,5843.66,0,5843.66
2011-07-14,5846.95,5846.95,5846.95,5846.95,0,5846.95
2011-07-13,5906.43,5906.43,5906.43,5906.43,0,5906.43
2011-07-12,5868.96,5868.96,5868.96,5868.96,0,5868.96
2011-07-11,5929.16,5929.16,5929.16,5929.16,0,5929.16
2011-07-08,5990.58,5990.58,5990.58,5990.58,0,5990.58
2011-07-07,6054.55,6054.55,6054.55,6054.55,0,6054.55
2011-07-06,6002.92,6002.92,6002.92,6002.92,0,6002.92
2011-07-05,6024.03,6024.03,6024.03,6024.03,0,6024.03
2011-07-04,6017.54,6017.54,6017.54,6017.54,0,6017.54
2011-07-01,5989.76,5989.76,5989.76,5989.76,0,5989.76
2011-06-30,5945.71,5945.71,5945.71,5945.71,0,5945.71
2011-06-29,5855.95,5855.95,5855.95,5855.95,0,5855.95
2011-06-28,5766.88,5766.88,5766.88,5766.88,0,5766.88
2011-06-27,5722.34,5722.34,5722.34,5722.34,0,5722.34
2011-06-24,5697.72,5697.72,5697.72,5697.72,0,5697.72
2011-06-23,5674.38,5674.38,5674.38,5674.38,0,5674.38
2011-06-22,5772.99,5772.99,5772.99,5772.99,0,5772.99
2011-06-21,5775.31,5775.31,5775.31,5775.31,0,5775.31
2011-06-20,5693.39,5693.39,5693.39,5693.39,0,5693.39
2011-06-17,5714.94,5714.94,5714.94,5714.94,0,5714.94
2011-06-16,5698.81,5698.81,5698.81,5698.81,0,5698.81
2011-06-15,5742.55,5742.55,5742.55,5742.55,0,5742.55
2011-06-14,5803.13,5803.13,5803.13,5803.13,0,5803.13
2011-06-13,5773.46,5773.46,5773.46,5773.46,0,5773.46
2011-06-10,5765.80,5765.80,5765.80,5765.80,0,5765.80
2011-06-09,5856.34,5856.34,5856.34,5856.34,0,5856.34
2011-06-08,5808.89,5808.89,5808.89,5808.89,0,5808.89
2011-06-07,5864.65,5864.65,5864.65,5864.65,0,5864.65
2011-06-06,5863.16,5863.16,5863.16,5863.16,0,5863.16
2011-06-03,5855.01,5855.01,5855.01,5855.01,0,5855.01
2011-06-02,5847.92,5847.92,5847.92,5847.92,0,5847.92
2011-06-01,5928.61,5928.61,5928.61,5928.61,0,5928.61
2011-05-31,5989.99,5989.99,5989.99,5989.99,0,5989.99
2011-05-27,5938.87,5938.87,5938.87,5938.87,0,5938.87
2011-05-26,5880.99,5880.99,5880.99,5880.99,0,5880.99
2011-05-25,5870.14,5870.14,5870.14,5870.14,0,5870.14
2011-05-24,5858.41,5858.41,5858.41,5858.41,0,5858.41
2011-05-23,5835.89,5835.89,5835.89,5835.89,0,5835.89
2011-05-20,5948.49,5948.49,5948.49,5948.49,0,5948.49
2011-05-19,5955.99,5955.99,5955.99,5955.99,0,5955.99
2011-05-18,5923.49,5923.49,5923.49,5923.49,0,5923.49
2011-05-17,5861.00,5861.00,5861.00,5861.00,0,5861.00
2011-05-16,5923.69,5923.69,5923.69,5923.69,0,5923.69
2011-05-13,5925.87,5925.87,5925.87,5925.87,0,5925.87
2011-05-12,5944.96,5944.96,5944.96,5944.96,0,5944.96
2011-05-11,5976.00,5976.00,5976.00,5976.00,0,5976.00
2011-05-10,6018.89,6018.89,6018.89,6018.89,0,6018.89
2011-05-09,5942.69,5942.69,5942.69,5942.69,0,5942.69
2011-05-06,5976.77,5976.77,5976.77,5976.77,0,5976.77
2011-05-05,5919.98,5919.98,5919.98,5919.98,0,5919.98
2011-05-04,5984.07,5984.07,5984.07,5984.07,0,5984.07
2011-05-03,6082.88,6082.88,6082.88,6082.88,0,6082.88
2011-04-29,6069.90,6069.90,6069.90,6069.90,0,6069.90
2011-04-28,6069.90,6069.90,6069.90,6069.90,0,6069.90
2011-04-27,6068.16,6068.16,6068.16,6068.16,0,6068.16
2011-04-26,6069.36,6069.36,6069.36,6069.36,0,6069.36
2011-04-21,6018.30,6018.30,6018.30,6018.30,0,6018.30
2011-04-20,6022.26,6022.26,6022.26,6022.26,0,6022.26
2011-04-19,5896.87,5896.87,5896.87,5896.87,0,5896.87
2011-04-18,5870.08,5870.08,5870.08,5870.08,0,5870.08
2011-04-15,5996.01,5996.01,5996.01,5996.01,0,5996.01
2011-04-14,5963.80,5963.80,5963.80,5963.80,0,5963.80
2011-04-13,6010.44,6010.44,6010.44,6010.44,0,6010.44
2011-04-12,5964.47,5964.47,5964.47,5964.47,0,5964.47
2011-04-11,6053.44,6053.44,6053.44,6053.44,0,6053.44
2011-04-08,6055.75,6055.75,6055.75,6055.75,0,6055.75
2011-04-07,6007.37,6007.37,6007.37,6007.37,0,6007.37
2011-04-06,6041.13,6041.13,6041.13,6041.13,0,6041.13
2011-04-05,6007.06,6007.06,6007.06,6007.06,0,6007.06
2011-04-04,6016.98,6016.98,6016.98,6016.98,0,6016.98
2011-04-01,6009.92,6009.92,6009.92,6009.92,0,6009.92
2011-03-31,5908.76,5908.76,5908.76,5908.76,0,5908.76
2011-03-30,5948.30,5948.30,5948.30,5948.30,0,5948.30
2011-03-29,5932.17,5932.17,5932.17,5932.17,0,5932.17
2011-03-28,5904.49,5904.49,5904.49,5904.49,0,5904.49
2011-03-25,5900.76,5900.76,5900.76,5900.76,0,5900.76
2011-03-24,5880.87,5880.87,5880.87,5880.87,0,5880.87
2011-03-23,5795.88,5795.88,5795.88,5795.88,0,5795.88
2011-03-22,5762.71,5762.71,5762.71,5762.71,0,5762.71
2011-03-21,5786.09,5786.09,5786.09,5786.09,0,5786.09
2011-03-18,5718.13,5718.13,5718.13,5718.13,0,5718.13
2011-03-17,5696.11,5696.11,5696.11,5696.11,0,5696.11
2011-03-16,5598.23,5598.23,5598.23,5598.23,0,5598.23
2011-03-15,5695.28,5695.28,5695.28,5695.28,0,5695.28
2011-03-14,5775.24,5775.24,5775.24,5775.24,0,5775.24
2011-03-11,5828.67,5828.67,5828.67,5828.67,0,5828.67
2011-03-10,5845.29,5845.29,5845.29,5845.29,0,5845.29
2011-03-09,5937.30,5937.30,5937.30,5937.30,0,5937.30
2011-03-08,5974.76,5974.76,5974.76,5974.76,0,5974.76
2011-03-07,5973.78,5973.78,5973.78,5973.78,0,5973.78
2011-03-04,5990.39,5990.39,5990.39,5990.39,0,5990.39
2011-03-03,6005.09,6005.09,6005.09,6005.09,0,6005.09
2011-03-02,5914.89,5914.89,5914.89,5914.89,0,5914.89
2011-03-01,5935.76,5935.76,5935.76,5935.76,0,5935.76
2011-02-28,5994.01,5994.01,5994.01,5994.01,0,5994.01
2011-02-25,6001.20,6001.20,6001.20,6001.20,0,6001.20
2011-02-24,5919.98,5919.98,5919.98,5919.98,0,5919.98
2011-02-23,5923.53,5923.53,5923.53,5923.53,0,5923.53
2011-02-22,5996.76,5996.76,5996.76,5996.76,0,5996.76
2011-02-21,6014.80,6014.80,6014.80,6014.80,0,6014.80
2011-02-18,6082.99,6082.99,6082.99,6082.99,0,6082.99
2011-02-17,6087.38,6087.38,6087.38,6087.38,0,6087.38
2011-02-16,6085.27,6085.27,6085.27,6085.27,0,6085.27
2011-02-15,6037.08,6037.08,6037.08,6037.08,0,6037.08
2011-02-14,6060.09,6060.09,6060.09,6060.09,0,6060.09
2011-02-11,6062.90,6062.90,6062.90,6062.90,0,6062.90
2011-02-10,6020.01,6020.01,6020.01,6020.01,0,6020.01
2011-02-09,6052.29,6052.29,6052.29,6052.29,0,6052.29
2011-02-08,6091.33,6091.33,6091.33,6091.33,0,6091.33
2011-02-07,6051.03,6051.03,6051.03,6051.03,0,6051.03
2011-02-04,5997.38,5997.38,5997.38,5997.38,0,5997.38
2011-02-03,5983.34,5983.34,5983.34,5983.34,0,5983.34
2011-02-02,6000.07,6000.07,6000.07,6000.07,0,6000.07
2011-02-01,5957.82,5957.82,5957.82,5957.82,0,5957.82
2011-01-31,5862.94,5862.94,5862.94,5862.94,0,5862.94
2011-01-28,5881.37,5881.37,5881.37,5881.37,0,5881.37
2011-01-27,5965.08,5965.08,5965.08,5965.08,0,5965.08
2011-01-26,5969.21,5969.21,5969.21,5969.21,0,5969.21
2011-01-25,5917.71,5917.71,5917.71,5917.71,0,5917.71
2011-01-24,5943.85,5943.85,5943.85,5943.85,0,5943.85
2011-01-21,5896.25,5896.25,5896.25,5896.25,0,5896.25
2011-01-20,5867.91,5867.91,5867.91,5867.91,0,5867.91
2011-01-19,5976.70,5976.70,5976.70,5976.70,0,5976.70
2011-01-18,6056.43,6056.43,6056.43,6056.43,0,6056.43
2011-01-17,5985.70,5985.70,5985.70,5985.70,0,5985.70
2011-01-14,6002.07,6002.07,6002.07,6002.07,0,6002.07
2011-01-13,6023.88,6023.88,6023.88,6023.88,0,6023.88
2011-01-12,6050.72,6050.72,6050.72,6050.72,0,6050.72
2011-01-11,6014.03,6014.03,6014.03,6014.03,0,6014.03
2011-01-10,5956.30,5956.30,5956.30,5956.30,0,5956.30
2011-01-07,5984.33,5984.33,5984.33,5984.33,0,5984.33
2011-01-06,6019.51,6019.51,6019.51,6019.51,0,6019.51
2011-01-05,6043.86,6043.86,6043.86,6043.86,0,6043.86
2011-01-04,6013.87,6013.87,6013.87,6013.87,0,6013.87
