timestamp
1325203200
1325116800
1325030400
1324944000
1324857600
1324598400
1324512000
1324425600
1324339200
1324252800
1323993600
1323907200
1323820800
1323734400
1323648000
1323388800
1323302400
1323216000
1323129600
1323043200
1322784000
1322697600
1322611200
1322524800
1322438400
1322352000
1322179200
1322092800
1322006400
1321920000
1321833600
1321747200
1321574400
1321488000
1321401600
1321315200
1321228800
1321142400
1320969600
1320883200
1320796800
1320710400
1320624000
1320537600
1320364800
1320278400
1320192000
1320105600
1320019200
1319932800
1319760000
1319673600
1319587200
1319500800
1319414400
1319328000
1319155200
1319068800
1318982400
1318896000
1318809600
1318723200
1318550400
1318464000
1318377600
1318291200
1318204800
1318118400
1317945600
1317859200
1317772800
1317686400
1317600000
1317340800
1317254400
1317168000
1317081600
1316995200
1316908800
1316736000
1316649600
1316563200
1316476800
1316390400
1316304000
1316131200
1316044800
1315958400
1315872000
1315785600
1315699200
1315526400
1315440000
1315353600
1315267200
1315180800
1315094400
1314921600
1314835200
1314748800
1314662400
1314576000
1314489600
1314316800
1314230400
1314144000
1314057600
1313971200
1313884800
1313712000
1313625600
1313539200
1313452800
1313366400
1313280000
1313107200
1313020800
1312934400
1312848000
1312761600
1312675200
1312502400
1312416000
1312329600
1312243200
1312156800
1312070400
1311897600
1311811200
1311724800
1311638400
1311552000
1311465600
1311292800
1311206400
1311120000
1311033600
1310947200
1310860800
1310688000
1310601600
1310515200
1310428800
1310342400
1310256000
1310083200
1309996800
1309910400
1309824000
1309737600
1309651200
1309478400
1309392000
1309305600
1309219200
1309132800
1309046400
1308873600
1308787200
1308700800
1308614400
1308528000
1308441600
1308268800
1308182400
1308096000
1308009600
1307923200
1307836800
1307664000
1307577600
1307491200
1307404800
1307318400
1307059200
1306972800
1306886400
1306800000
1306713600
1306627200
1306454400
1306368000
1306281600
1306195200
1306108800
1306022400
1305849600
1305763200
1305676800
1305590400
1305504000
1305417600
1305244800
1305158400
1305072000
1304985600
1304899200
1304812800
1304640000
1304553600
1304467200
1304380800
1304294400
1304035200
1303948800
1303862400
1303776000
1303689600
1303603200
1303430400
1303344000
1303257600
1303171200
1303084800
1302998400
1302825600
1302739200
1302652800
1302566400
1302480000
1302393600
1302220800
1302134400
1302048000
1301961600
1301875200
1301616000
1301529600
1301443200
1301356800
1301270400
1301184000
1301011200
1300924800
1300838400
1300752000
1300665600
1300579200
1300406400
1300320000
1300233600
1300147200
1300060800
1299974400
1299801600
1299715200
1299628800
1299542400
1299456000
1299369600
1299196800
1299110400
1299024000
1298937600
1298851200
1298764800
1298592000
1298505600
1298419200
1298332800
1298246400
1298160000
1297987200
1297900800
1297814400
1297728000
1297641600
1297555200
1297382400
1297296000
1297209600
1297123200
1297036800
1296777600
1296691200
1296604800
1296518400
1296432000
1296345600
1296172800
1296086400
1296000000
1295913600
1295827200
1295740800
1295568000
1295481600
1295395200
1295308800
1295222400
1295136000
1294963200
1294876800
1294790400
1294704000
1294617600
1294358400
1294272000
1294185600
1294099200
1294012800
